 -0.0553 
 -0.1659 
 -0.2757 
 -0.3845 
 -0.4919 
 -0.5973 
 -0.6997 
 -0.7987 
 -0.8934 
 -0.9821 
 -1.0612 
 -1.1253 
 -1.1937 
 -1.3181 
 -1.3171 
 -0.5538 
  0.7513 
  1.3522 
  1.2942 
  1.1793 
  1.1154 
  1.0488 
  0.9676 
  0.8777 
  0.7823 
  0.6826 
  0.5795 
  0.4739 
  0.3663 
  0.2572 
  0.1472 
  0.0366 
 -0.0740 
 -0.1845 
 -0.2942 
 -0.4028 
 -0.5098 
 -0.6147 
 -0.7167 
 -0.8151 
 -0.9088 
 -0.9963 
 -1.0731 
 -1.1352 
 -1.2101 
 -1.3401 
 -1.2582 
 -0.3367 
  0.9235 
  1.3676 
  1.2703 
  1.1666 
  1.1052 
  1.0360 
  0.9529 
  0.8620 
  0.7657 
  0.6654 
  0.5618 
  0.4558 
  0.3479 
  0.2387 
  0.1285 
  0.0179 
 -0.0927 
 -0.2031 
 -0.3126 
 -0.4210 
 -0.5277 
 -0.6322 
 -0.7336 
 -0.8313 
 -0.9241 
 -1.0103 
 -1.0846 
 -1.1454 
 -1.2288 
 -1.3579 
 -1.1719 
 -0.1071 
  1.0669 
  1.3676 
  1.2478 
  1.1551 
  1.0946 
  1.0227 
  0.9380 
  0.8460 
  0.7490 
  0.6481 
  0.5441 
  0.4377 
  0.3295 
  0.2200 
  0.1099 
 -0.0006 
 -0.1112 
 -0.2216 
 -0.3314 
 -0.4399 
